myfolder= 'D:\\Projets_EXPLAIN\\AMO Meso Aix-Marseille\\DNL Marseille\\';

dt=2.0 %time step



pathDepartures= [
0.832 0.833 0.797 0.810 0.803 0.783 0.796 0.769 0.835 0.777 0.825 0.838 0.780 0.820 0.809 0.760 0.762 0.780 0.775 0.788 0.773 0.825 0.824 0.772 0.763 0.806 0.830 0.802 0.804 0.776 0.781 0.810 0.786 0.779 0.814 0.763 0.780 0.762 0.810 0.809 0.816 0.835 0.809 0.840 0.794 0.771 0.764 0.769 0.789 0.784 0.809 0.792 0.819 0.808 0.772 0.838 0.819 0.772 0.794 0.837 0.829 0.828 0.760 0.760 0.814 0.795 0.795 0.789 0.792 0.787 0.801 0.820 0.767 0.784 0.828 0.803 0.781 0.761 0.828 0.773 0.778 0.818 0.781 0.836 0.796 0.762 0.807 0.797 0.803 0.840 0.833 0.782 0.809 0.778 0.824 0.834 0.833 0.833 0.777 0.813 0.789 0.802 0.786 0.808 0.840 0.821 0.810 0.788 0.821 0.795 0.778 0.827 0.800 0.779 0.772 0.834 0.828 0.803 0.767 0.778 0.795 0.824 0.810 0.828 0.767 0.801 0.804 0.825 0.812 0.831 0.809 0.825 0.791 0.807 0.783 0.823 0.807 0.782 0.823 0.786 0.818 0.822 0.764 0.796 0.815 0.771 0.827 0.763 0.772 0.777 0.765 0.780 0.825 0.777 0.792 0.800 0.763 0.813 0.786 0.833 0.819 0.835 0.835 0.803 0.813 0.830 0.795 0.838 0.815 0.772 0.829 0.776 0.810 0.835 0.824 0.812 0.806 0.803 0.813 0.798 0.818 0.795 0.780 0.829 0.778 0.803 0.827 0.812 0.776 0.810 0.782 0.818 0.772 0.810 0.804 0.809 0.788 0.802 0.806 0.819 0.837 0.785 0.835 0.817 0.807 0.770 0.824 0.788 0.797 0.826 0.823 0.786 0.765 0.799 0.827 0.779 0.808 0.818 0.784 0.830 0.788 0.767 0.798 0.802 0.816 0.808 0.775 0.838 0.820 0.771 0.838 0.781 0.760 0.781 0.788 0.793 0.779 0.770 0.785 0.788 0.794 0.829 0.786 0.766 0.771 0.829 0.829 0.768 0.839 0.792 0.790 0.793 0.767 0.790 0.826 0.819 0.762 0.783 0.811 0.826 0.826 0.797 0.831 0.789 0.810 0.788 0.836 0.772 0.829 0.785 0.833 0.828 0.821 0.805 0.823 0.799 0.831 0.781 0.789 0.818 0.837 0.801 0.836 0.820 0.794 0.817 0.769 0.775 0.813 0.821 0.833 0.803 0.826 0.775 0.794 0.812 0.816 0.784 0.774 0.770 0.826 0.827 0.778 0.768 0.777 0.837 0.802 0.773 0.808 0.767 0.835 0.767 0.816 0.821 0.836 0.767 0.765 0.814 0.821 0.818 0.774 0.808 0.830 0.778 0.796 0.801 0.804 0.813 0.804 0.775 0.779 0.822 0.826 0.780 0.775 0.802 0.818 0.837 0.797 0.805 0.786 0.782 0.834 0.823 0.821 0.768 0.804 0.802 0.800 0.810 0.832 0.792 0.776 0.814 0.820 0.765 0.813 0.835 0.812 0.776 0.821 0.818 0.773 0.803 0.761 0.781 0.814 0.765 0.820 0.805 0.838 0.825 0.766 0.830 0.804 0.837 0.760 0.803 0.803 0.783 0.818 0.788 0.770 0.840 0.831 0.783 0.832 0.802 0.821 0.783 0.801 0.797 0.827 0.787 0.809 0.824 0.817 0.839 0.807 0.830 0.821 0.802 0.773 0.827 0.767 0.784 0.808 0.808 0.771 0.794 0.819 0.764 0.767 0.827 0.775 0.833 0.810 0.762 0.815 0.798 0.817 0.804 0.801 0.786 0.807 0.824 0.797 0.827 0.823 0.798 0.787 0.839 0.814 0.790 0.784 0.799 0.792 0.771 0.797 0.816 0.822 0.830 0.777 0.824 0.820 0.786 0.807 0.820 0.798 0.763 0.788 0.833 0.838 0.795 0.798 0.823 0.785 0.815 0.815 0.828 0.795 0.812 0.797 0.766 0.829 0.819 0.793 0.791 0.837 0.823 0.801 0.788 0.793 0.765 0.821 0.840 0.770 0.837 0.774 0.795 0.826 0.774 0.832 0.810 0.833 0.815 0.830 0.840 0.828 0.769 0.800 0.816 0.819 0.807 0.777 0.823 0.762 0.813 0.823 0.834 0.796 0.771 0.837 0.777 0.807 0.821 0.811 0.814 0.769 0.797 0.786 0.834 0.795 0.817 0.772 0.821 0.773 0.766 0.791 0.791 0.825 0.789 0.811 0.782 0.839 0.785 0.806 0.774 0.776 0.769 0.797 0.786 0.807 0.825 0.808 0.791 0.805 0.779 0.824 0.798 0.789 0.821 0.766 0.805 0.818 0.777 0.765 0.770 0.770 0.800 0.767 0.798 0.786 0.809 0.781 0.796 0.832 0.761 0.823 0.767 0.762 0.839 0.789 0.819 0.783 0.829 0.809 0.809 0.791 0.827 0.813 0.838 0.840 0.782 0.791 0.794 0.780 0.780 0.828 0.810 0.776 0.830 0.775 0.790 0.770 0.835 0.765 0.800 0.779 0.803 0.772 0.806 0.762 0.837 0.819 0.781 0.763 0.796 0.797 0.789 0.761 0.826 0.804 0.820 0.771 0.835 0.831 0.823 0.783 0.817 0.832 0.811 0.775 0.805 0.774 0.783 0.784 0.778 0.769 0.776 0.790 0.777 0.807 0.801 0.806 0.836 0.839 0.834 0.821 0.790 0.790 0.772 0.814 0.788 0.834 0.769 0.805 0.823 0.761 0.780 0.812 0.810 0.816 0.818 0.779 0.795 0.813 0.813 0.820 0.795 0.816 0.829 0.762 0.802 0.781 0.784 0.798 0.768 0.800 0.803 0.810 0.768 0.792 0.837 0.775 0.766 0.828 0.792 0.789 0.807 0.764 0.823 0.808 0.794 0.834 0.773 0.780 0.838 0.805 0.822 0.794 0.792 0.825 0.832 0.772 0.815 0.840 0.819 0.800 0.808 0.772 0.765 0.839 0.813 0.808 0.766 0.838 0.784 0.820 0.808 0.765 0.766 0.771 0.811 0.767 0.818 0.807 0.831 0.805 0.825 0.786 0.819 0.829 0.771 0.761 0.819 0.778 0.786 0.787 0.762 0.783 0.764 0.815 0.763 0.763 0.782 0.770 0.771 0.794 0.830 0.838 0.781 0.817 0.815 0.834 0.815 0.774 0.825 0.840 0.763 0.769 0.824 0.798 0.770 0.823 0.764 0.788 0.761 0.815 0.832 0.811 0.810 0.801 0.775 0.768 0.827 0.763 0.795 0.785 0.764 0.816 0.793 0.830 0.788 0.773 0.837 0.774 0.782 0.834 0.812 0.812 0.822 0.772 0.808 0.779 0.775 0.763 0.806 0.763 0.774 0.800 0.837 0.833 0.821 0.810 0.804 0.824 0.764 0.765 0.812 0.789 0.789 0.792 0.781 0.775 0.815 0.807 0.823 0.826 0.838 0.775 0.769 0.796 0.775 0.761 0.763 0.782 0.805 0.785 0.766 0.781 0.761 0.774 0.809 0.799 0.777 0.798 0.836 0.822 0.770 0.780 0.771 0.798 0.831 0.806 0.840 0.774 0.834 0.764 0.781 0.805 0.809 0.822 0.821 0.835 0.761 0.823 0.807 0.819 0.763 0.770 0.803 0.773 0.830 0.764 0.783 0.816 0.799 0.830 0.837 0.796 0.812 0.787 0.765 0.760 0.770 0.787 0.772 0.782 0.807 0.823 0.813 0.808 0.817 0.764 0.765 0.770 0.783 0.809 0.833 0.834 0.766 0.827 0.814 0.819 0.822 0.767 0.796 0.825 0.809 0.817 0.768 0.765 0.786 0.782 0.765 0.834 0.776 0.793 0.828 0.836 0.815 0.791 0.832 0.811 0.786 0.830 0.834 0.813 0.803 0.786 0.777 0.824 0.803 0.817 0.813 0.794 0.799 0.790 0.766 0.836 0.816 0.764 0.784 0.767 0.828 0.812 0.779 0.763 0.835 0.793 0.804 0.812 0.800 0.769 0.765 0.788 0.834 0.826 0.764 0.769 0.780 0.769 0.795 0.814 0.784 0.837 0.762 0.762 0.821 0.787 0.792 0.826 0.827 0.830 0.766 0.768 0.808 0.800 0.798 0.824 0.828 0.825 0.820 0.771 0.811 0.776 0.788 0.768 0.775 0.836 0.834 0.819 0.761 0.776 0.818 0.769 0.808 0.796 0.819 0.773 0.796 0.780 0.782 0.794 0.778 0.777 0.830 0.795 0.837 0.825 0.837 0.813 0.820 0.817 0.771 0.832 0.806 0.834 0.808 0.793 0.794 0.791 0.829 0.783 0.826 0.820 0.772 0.837 0.836 0.791 0.783 0.815 0.823 0.783 0.810 0.779 0.838 0.822 0.761 0.785 0.828 0.798 0.763 0.812 0.826 0.835 0.815 0.813 0.788 0.837 0.797 0.814 0.763 0.803 0.827 0.807 0.793 0.807 0.769 0.790 0.793 0.833 0.777 0.796 0.798 0.837 0.772 0.771 0.783 0.813 0.795 0.774 0.802 0.835 0.765 0.824 0.826 0.839 0.834 0.810 0.773 0.760 0.819 0.766 0.777 0.838 0.781 0.764 0.785 0.823 0.783 0.798 0.764 0.793 0.833 0.838 0.804 0.829 0.773 0.814 0.764 0.836 0.812 0.819 0.821 0.838 0.790 0.805 0.784 0.766 0.835 0.761 0.796 0.776 0.768 0.804 0.808 0.831 0.760 0.780 0.838 0.781 0.761 0.825 0.834 0.804 0.821 0.785 0.775 0.777 0.820 0.825 0.797 0.769 0.835 0.766 0.789 0.819 0.799 0.781 0.793 0.775 0.795 0.801 0.806 0.787 0.787 0.770 0.805 0.818 0.773 0.829 0.787 0.822 0.806 0.825 0.791 0.838 0.780 0.804 0.773 0.835 0.762 0.768 0.782 0.816 0.791 0.761 0.825 0.792 0.767 0.832 0.818 0.804 0.793 0.827 0.769 0.820 0.791 0.834 0.809 0.804 0.827 0.827 0.775 0.820 0.816 0.779 0.799 0.799 0.816 0.773 0.768 0.792 0.826 0.772 0.800 0.807 0.771 0.804 0.798 0.760 0.764 0.816 0.788 0.834 0.802 0.760 0.807 0.822 0.789 0.830 0.787 0.833 0.760 0.776 0.807 0.834 0.772 0.760 0.835 0.771 0.804 0.814 0.823 0.790 0.772 0.771 0.763 0.830 0.824 0.823 0.816 0.831 0.838 0.764 0.779 0.792 0.777 0.789 0.816 0.782 0.814 0.804 0.800 0.767 0.761 0.823 0.790 0.761 0.794 0.815 0.822 0.785 0.816 0.810 0.775 0.795 0.790 0.788 0.831 0.831 0.790 0.789 0.805 0.821 0.768 0.760 0.787 0.774 0.772 0.787 0.772 0.826 0.834 0.783 0.770 0.765 0.766 0.763 0.769 0.796 0.795 0.809 0.797 0.771 0.794 0.766 0.780 0.801 0.764 0.784 0.774 0.766 0.764 0.797 0.762 0.803 0.811 0.825 0.814 0.769 0.814 0.774 0.830 0.780 0.770 0.799 0.785 0.778 0.838 0.821 0.812 0.830 0.821 0.808 0.790 0.826 0.816 0.811 0.835 0.835 0.763 0.827 0.832 0.814 0.818 0.828 0.829 0.784 0.803 0.781 0.833 0.815 0.808 0.787 0.838 0.769 0.808 0.762 0.766 0.766 