# Created by Octave 5.1.0, Thu Mar 21 18:17:14 2019 GMT <unknown@EXPL100>
# name: D_link
# type: scalar
0


# name: D_source
# type: scalar
0


# name: FFT_mod
# type: matrix
# rows: 2
# columns: 1
 150
 0


# name: Lik
# type: scalar
1


# name: N_jam
# type: scalar
300


# name: N_source
# type: scalar
0


# name: Ndn
# type: matrix
# rows: 2
# columns: 100
 0 0 0 0 0 0 0 0 0 0 0 0 0 0 0 0 0 0 0 0 0 0 0 0 0 0 0 0 0 0 0 1.5 3 4.5 6 7.5 9 10.5 12 13.5 15 16.5 18 19.5 21 22.5 24 25.5 25.5 25.5 25.5 25.5 25.5 25.5 25.5 25.5 25.5 25.5 25.5 25.5 25.5 25.5 25.5 25.5 25.5 25.5 25.5 25.5 25.5 25.5 25.5 25.5 25.5 25.5 25.5 25.5 25.5 25.5 25.5 25.5 25.5 25.5 25.5 25.5 25.5 25.5 25.5 25.5 25.5 25.5 25.5 25.5 25.5 25.5 25.5 25.5 25.5 25.5 25.5 25.5
 0 1.5 3 4.5 6 7.5 9 10.5 12 13.5 15 16.5 18 19.5 21 22.5 24 25.5 25.5 25.5 25.5 25.5 25.5 25.5 25.5 25.5 25.5 25.5 25.5 25.5 25.5 25.5 25.5 25.5 25.5 25.5 25.5 25.5 25.5 25.5 25.5 25.5 25.5 25.5 25.5 25.5 25.5 25.5 25.5 25.5 25.5 25.5 25.5 25.5 25.5 25.5 25.5 25.5 25.5 25.5 25.5 25.5 25.5 25.5 25.5 25.5 25.5 25.5 25.5 25.5 25.5 25.5 25.5 25.5 25.5 25.5 25.5 25.5 25.5 25.5 25.5 25.5 25.5 25.5 25.5 25.5 25.5 25.5 25.5 25.5 25.5 25.5 25.5 25.5 25.5 25.5 25.5 25.5 25.5 25.5


# name: Nup
# type: matrix
# rows: 3
# columns: 100
 0 1.5 3 4.5 6 7.5 9 10.5 12 13.5 15 16.5 18 19.5 21 22.5 24 25.5 25.5 25.5 25.5 25.5 25.5 25.5 25.5 25.5 25.5 25.5 25.5 25.5 25.5 25.5 25.5 25.5 25.5 25.5 25.5 25.5 25.5 25.5 25.5 25.5 25.5 25.5 25.5 25.5 25.5 25.5 25.5 25.5 25.5 25.5 25.5 25.5 25.5 25.5 25.5 25.5 25.5 25.5 25.5 25.5 25.5 25.5 25.5 25.5 25.5 25.5 25.5 25.5 25.5 25.5 25.5 25.5 25.5 25.5 25.5 25.5 25.5 25.5 25.5 25.5 25.5 25.5 25.5 25.5 25.5 25.5 25.5 25.5 25.5 25.5 25.5 25.5 25.5 25.5 25.5 25.5 25.5 25.5
 0 5 10 15 20 25 25 25 25 25 25 25 25 25 25 25 25 25 25 25 25 25 25 25 25 25 25 25 25 25 25 25 25 25 25 25 25 25 25 25 25 25 25 25 25 25 25 25 25 25 25 25 25 25 25 25 25 25 25 25 25 25 25 25 25 25 25 25 25 25 25 25 25 25 25 25 25 25 25 25 25 25 25 25 25 25 25 25 25 25 25 25 25 25 25 25 25 25 25 25
 0 0 0 0 0 0 0 0 0 0 0 0 0 0 0 0 0 0 0 0 0 0 0 0 0 0 0 0 0 0 0 1.5 3 4.5 6 7.5 9 10.5 12 13.5 15 16.5 18 19.5 21 22.5 24 25.5 25.5 25.5 25.5 25.5 25.5 25.5 25.5 25.5 25.5 25.5 25.5 25.5 25.5 25.5 25.5 25.5 25.5 25.5 25.5 25.5 25.5 25.5 25.5 25.5 25.5 25.5 25.5 25.5 25.5 25.5 25.5 25.5 25.5 25.5 25.5 25.5 25.5 25.5 25.5 25.5 25.5 25.5 25.5 25.5 25.5 25.5 25.5 25.5 25.5 25.5 25.5 25.5


# name: Q_source
# type: scalar
0


# name: Qin
# type: matrix
# rows: 3
# columns: 100
 0.29999999999999999 0.29999999999999999 0.29999999999999999 0.29999999999999999 0.29999999999999999 0.29999999999999999 0.29999999999999999 0.29999999999999999 0.29999999999999999 0.29999999999999999 0.29999999999999999 0.29999999999999999 0.29999999999999999 0.29999999999999999 0.29999999999999999 0.29999999999999999 0.29999999999999999 0 0 0 0 0 0 0 0 0 0 0 0 0 0 0 0 0 0 0 0 0 0 0 0 0 0 0 0 0 0 0 0 0 0 0 0 0 0 0 0 0 0 0 0 0 0 0 0 0 0 0 0 0 0 0 0 0 0 0 0 0 0 0 0 0 0 0 0 0 0 0 0 0 0 0 0 0 0 0 0 0 0 0
 1 1 1 1 1 0 0 0 0 0 0 0 0 0 0 0 0 0 0 0 0 0 0 0 0 0 0 0 0 0 0 0 0 0 0 0 0 0 0 0 0 0 0 0 0 0 0 0 0 0 0 0 0 0 0 0 0 0 0 0 0 0 0 0 0 0 0 0 0 0 0 0 0 0 0 0 0 0 0 0 0 0 0 0 0 0 0 0 0 0 0 0 0 0 0 0 0 0 0 0
 0 0 0 0 0 0 0 0 0 0 0 0 0 0 0 0 0 0 0 0 0 0 0 0 0 0 0 0 0 0 0.29999999999999999 0.29999999999999999 0.29999999999999999 0.29999999999999999 0.29999999999999999 0.29999999999999999 0.29999999999999999 0.29999999999999999 0.29999999999999999 0.29999999999999999 0.29999999999999999 0.29999999999999999 0.29999999999999999 0.29999999999999999 0.29999999999999999 0.29999999999999999 0.29999999999999999 0 0 0 0 0 0 0 0 0 0 0 0 0 0 0 0 0 0 0 0 0 0 0 0 0 0 0 0 0 0 0 0 0 0 0 0 0 0 0 0 0 0 0 0 0 0 0 0 0 0 0 0 0


# name: Qin_pathLinks
# type: matrix
# rows: 3
# columns: 100
 0.29999999999999999 0.29999999999999999 0.29999999999999999 0.29999999999999999 0.29999999999999999 0.29999999999999999 0.29999999999999999 0.29999999999999999 0.29999999999999999 0.29999999999999999 0.29999999999999999 0.29999999999999999 0.29999999999999999 0.29999999999999999 0.29999999999999999 0.29999999999999999 0.29999999999999999 0 0 0 0 0 0 0 0 0 0 0 0 0 0 0 0 0 0 0 0 0 0 0 0 0 0 0 0 0 0 0 0 0 0 0 0 0 0 0 0 0 0 0 0 0 0 0 0 0 0 0 0 0 0 0 0 0 0 0 0 0 0 0 0 0 0 0 0 0 0 0 0 0 0 0 0 0 0 0 0 0 0 0
 1 1 1 1 1 0 0 0 0 0 0 0 0 0 0 0 0 0 0 0 0 0 0 0 0 0 0 0 0 0 0 0 0 0 0 0 0 0 0 0 0 0 0 0 0 0 0 0 0 0 0 0 0 0 0 0 0 0 0 0 0 0 0 0 0 0 0 0 0 0 0 0 0 0 0 0 0 0 0 0 0 0 0 0 0 0 0 0 0 0 0 0 0 0 0 0 0 0 0 0
 0 0 0 0 0 0 0 0 0 0 0 0 0 0 0 0 0 0 0 0 0 0 0 0 0 0 0 0 0 0 0.29999999999999999 0.29999999999999999 0.29999999999999999 0.29999999999999999 0.29999999999999999 0.29999999999999999 0.29999999999999999 0.29999999999999999 0.29999999999999999 0.29999999999999999 0.29999999999999999 0.29999999999999999 0.29999999999999999 0.29999999999999999 0.29999999999999999 0.29999999999999999 0.29999999999999999 0 0 0 0 0 0 0 0 0 0 0 0 0 0 0 0 0 0 0 0 0 0 0 0 0 0 0 0 0 0 0 0 0 0 0 0 0 0 0 0 0 0 0 0 0 0 0 0 0 0 0 0 0


# name: Qout
# type: matrix
# rows: 2
# columns: 100
 0 0 0 0 0 0 0 0 0 0 0 0 0 0 0 0 0 0 0 0 0 0 0 0 0 0 0 0 0 0 0.29999999999999999 0.29999999999999999 0.29999999999999999 0.29999999999999999 0.29999999999999999 0.29999999999999999 0.29999999999999999 0.29999999999999999 0.29999999999999999 0.29999999999999999 0.29999999999999999 0.29999999999999999 0.29999999999999999 0.29999999999999999 0.29999999999999999 0.29999999999999999 0.29999999999999999 0 0 0 0 0 0 0 0 0 0 0 0 0 0 0 0 0 0 0 0 0 0 0 0 0 0 0 0 0 0 0 0 0 0 0 0 0 0 0 0 0 0 0 0 0 0 0 0 0 0 0 0 0
 0.29999999999999999 0.29999999999999999 0.29999999999999999 0.29999999999999999 0.29999999999999999 0.29999999999999999 0.29999999999999999 0.29999999999999999 0.29999999999999999 0.29999999999999999 0.29999999999999999 0.29999999999999999 0.29999999999999999 0.29999999999999999 0.29999999999999999 0.29999999999999999 0.29999999999999999 0 0 0 0 0 0 0 0 0 0 0 0 0 0 0 0 0 0 0 0 0 0 0 0 0 0 0 0 0 0 0 0 0 0 0 0 0 0 0 0 0 0 0 0 0 0 0 0 0 0 0 0 0 0 0 0 0 0 0 0 0 0 0 0 0 0 0 0 0 0 0 0 0 0 0 0 0 0 0 0 0 0 0


# name: S_link
# type: scalar
0.5


# name: adjacencyList
# type: matrix
# rows: 3
# columns: 2
 1 2
 1 3
 3 2


# name: adjacencyMatrix
# type: sparse bool matrix
# nnz: 3
# rows: 3
# columns: 3
1 2 1
3 2 1
1 3 1


# name: capacity
# type: matrix
# rows: 2
# columns: 1
 0.5
 Inf


# name: demand
# type: matrix
# rows: 2
# columns: 1
 0
 0


# name: demandCondition
# type: bool
0


# name: departureRatesFile
# type: sq_string
# elements: 1
# length: 103
D:\\Projets_EXPLAIN\\AMO Meso Aix-Marseille\\DNL Marseille\\Marseille_dep.mat


# name: dir
# type: sq_string
# elements: 1
# length: 103
D:\\Projets_EXPLAIN\\AMO Meso Aix-Marseille\\DNL Marseille\\Marseille2_pp.mat


# name: dt
# type: scalar
5


# name: effectiveSupply
# type: scalar
0.5


# name: eps
# type: scalar
1.0000000000000001e-09


# name: fileName
# type: sq_string
# elements: 1
# length: 9
Marseille


# name: isIncompleteJourney
# type: bool
0


# name: isQueue
# type: bool
0


# name: jk
# type: scalar
1


# name: link
# type: scalar struct
# ndims: 2
 1 1
# length: 15
# name: tailNode
# type: matrix
# rows: 3
# columns: 1
 1
 1
 3


# name: headNode
# type: matrix
# rows: 3
# columns: 1
 2
 3
 2


# name: count
# type: scalar
3


# name: capacity
# type: matrix
# rows: 3
# columns: 1
 0.5
 0.5
 0.5


# name: length
# type: matrix
# rows: 3
# columns: 1
 5000
 5000
 5000


# name: FFT
# type: matrix
# rows: 3
# columns: 1
 150
 150
 150


# name: index
# type: range
# base, limit, increment
1 3 1


# name: FFT_mod
# type: scalar
150


# name: length_mod
# type: scalar
5000


# name: jamDensity
# type: scalar
0.059999999999999998


