# Created by Octave 5.1.0, Fri Mar 22 11:00:48 2019 GMT <unknown@EXPL100>
# name: adjacencyList
# type: matrix
# rows: 36
# columns: 2
 1 2
 2 3
 3 4
 4 5
 5 6
 6 7
 7 8
 8 9
 9 10
 10 11
 11 12
 12 13
 13 14
 14 15
 12 16
 16 17
 17 18
 18 19
 2 1
 3 2
 4 3
 5 4
 6 5
 7 6
 8 7
 9 8
 10 9
 11 10
 12 11
 13 12
 14 13
 15 14
 16 12
 17 16
 18 17
 19 18


# name: adjacencyMatrix
# type: sparse bool matrix
# nnz: 36
# rows: 19
# columns: 19
2 1 1
1 2 1
3 2 1
2 3 1
4 3 1
3 4 1
5 4 1
4 5 1
6 5 1
5 6 1
7 6 1
6 7 1
8 7 1
7 8 1
9 8 1
8 9 1
10 9 1
9 10 1
11 10 1
10 11 1
12 11 1
11 12 1
13 12 1
16 12 1
12 13 1
14 13 1
13 14 1
15 14 1
14 15 1
12 16 1
17 16 1
16 17 1
18 17 1
17 18 1
19 18 1
18 19 1


# name: dir
# type: sq_string
# elements: 1
# length: 110
D:\\Projets_EXPLAIN\\AMO Meso Aix-Marseille\\DNL Marseille\\MarseilleAubagne4_pp.mat


# name: fileName
# type: sq_string
# elements: 1
# length: 16
MarseilleAubagne


# name: link
# type: scalar struct
# ndims: 2
 1 1
# length: 7
# name: tailNode
# type: matrix
# rows: 36
# columns: 1
 1
 2
 3
 4
 5
 6
 7
 8
 9
 10
 11
 12
 13
 14
 12
 16
 17
 18
 2
 3
 4
 5
 6
 7
 8
 9
 10
 11
 12
 13
 14
 15
 16
 17
 18
 19


# name: headNode
# type: matrix
# rows: 36
# columns: 1
 2
 3
 4
 5
 6
 7
 8
 9
 10
 11
 12
 13
 14
 15
 16
 17
 18
 19
 1
 2
 3
 4
 5
 6
 7
 8
 9
 10
 11
 12
 13
 14
 12
 16
 17
 18


# name: count
# type: scalar
36


# name: capacity
# type: matrix
# rows: 36
# columns: 1
 0.5
 0.5
 0.5
 0.5
 0.5
 0.5
 0.5
 0.5
 0.5
 0.5
 0.5
 0.5
 0.5
 0.5
 0.5
 0.5
 0.5
 0.5
 0.5
 0.5
 0.5
 0.5
 0.5
 0.5
 0.5
 0.5
 0.5
 0.5
 0.5
 0.5
 0.5
 0.5
 0.5
 0.5
 0.5
 0.5


# name: length
# type: matrix
# rows: 36
# columns: 1
 5000
 5000
 5000
 5000
 5000
 5000
 5000
 5000
 5000
 5000
 5000
 5000
 5000
 5000
 5000
 5000
 5000
 5000
 5000
 5000
 5000
 5000
 5000
 5000
 5000
 5000
 5000
 5000
 5000
 5000
 5000
 5000
 5000
 5000
 5000
 5000


# name: FFT
# type: matrix
# rows: 36
# columns: 1
 150
 150
 150
 150
 150
 150
 150
 150
 150
 150
 150
 150
 150
 150
 150
 150
 150
 150
 150
 150
 150
 150
 150
 150
 150
 150
 150
 150
 150
 150
 150
 150
 150
 150
 150
 150


# name: index
# type: range
# base, limit, increment
1 36 1




# name: linkData
# type: matrix
# rows: 36
# columns: 6
 1 2 0.5 5000 150 1
 2 3 0.5 5000 150 1
 3 4 0.5 5000 150 1
 4 5 0.5 5000 150 1
 5 6 0.5 5000 150 1
 6 7 0.5 5000 150 1
 7 8 0.5 5000 150 1
 8 9 0.5 5000 150 1
 9 10 0.5 5000 150 1
 10 11 0.5 5000 150 1
 11 12 0.5 5000 150 1
 12 13 0.5 5000 150 1
 13 14 0.5 5000 150 1
 14 15 0.5 5000 150 1
 12 16 0.5 5000 150 1
 16 17 0.5 5000 150 1
 17 18 0.5 5000 150 1
 18 19 0.5 5000 150 1
 2 1 0.5 5000 150 1
 3 2 0.5 5000 150 1
 4 3 0.5 5000 150 1
 5 4 0.5 5000 150 1
 6 5 0.5 5000 150 1
 7 6 0.5 5000 150 1
 8 7 0.5 5000 150 1
 9 8 0.5 5000 150 1
 10 9 0.5 5000 150 1
 11 10 0.5 5000 150 1
 12 11 0.5 5000 150 1
 13 12 0.5 5000 150 1
 14 13 0.5 5000 150 1
 15 14 0.5 5000 150 1
 16 12 0.5 5000 150 1
 17 16 0.5 5000 150 1
 18 17 0.5 5000 150 1
 19 18 0.5 5000 150 1


# name: linkInIdx
# type: matrix
# rows: 39
# columns: 1
 1
 1
 1
 1
 1
 1
 1
 1
 1
 1
 1
 1
 1
 1
 1
 1
 1
 1
 1
 2
 2
 2
 2
 2
 2
 2
 2
 2
 2
 2
 2
 2
 3
 2
 2
 2
 2
 2
 2


# name: linkOutIdx
# type: matrix
# rows: 42
# columns: 1
 1
 1
 1
 1
 1
 1
 1
 1
 1
 1
 1
 1
 1
 1
 2
 1
 1
 1
 2
 2
 2
 2
 2
 2
 2
 2
 2
 2
 3
 2
 2
 1
 2
 2
 2
 1
 0
 0
 0
 2
 2
 2


# name: linksIn
# type: cell
# rows: 19
# columns: 1
# name: <cell-element>
# type: lazy_index
# name: index_value
# type: matrix
# rows: 2
# columns: 1
 19
 37




# name: <cell-element>
# type: lazy_index
# name: index_value
# type: matrix
# rows: 2
# columns: 1
 1
 20




# name: <cell-element>
# type: lazy_index
# name: index_value
# type: matrix
# rows: 2
# columns: 1
 2
 21




# name: <cell-element>
# type: lazy_index
# name: index_value
# type: matrix
# rows: 2
# columns: 1
 3
 22




# name: <cell-element>
# type: lazy_index
# name: index_value
# type: matrix
# rows: 2
# columns: 1
 4
 23




# name: <cell-element>
# type: lazy_index
# name: index_value
# type: matrix
# rows: 2
# columns: 1
 5
 24




# name: <cell-element>
# type: lazy_index
# name: index_value
# type: matrix
# rows: 2
# columns: 1
 6
 25




# name: <cell-element>
# type: lazy_index
# name: index_value
# type: matrix
# rows: 2
# columns: 1
 7
 26




# name: <cell-element>
# type: lazy_index
# name: index_value
# type: matrix
# rows: 2
# columns: 1
 8
 27




# name: <cell-element>
# type: lazy_index
# name: index_value
# type: matrix
# rows: 2
# columns: 1
 9
 28




# name: <cell-element>
# type: lazy_index
# name: index_value
# type: matrix
# rows: 2
# columns: 1
 10
 29




# name: <cell-element>
# type: lazy_index
# name: index_value
# type: matrix
# rows: 3
# columns: 1
 11
 30
 33




# name: <cell-element>
# type: lazy_index
# name: index_value
# type: matrix
# rows: 2
# columns: 1
 12
 31




# name: <cell-element>
# type: lazy_index
# name: index_value
# type: matrix
# rows: 2
# columns: 1
 13
 32




# name: <cell-element>
# type: lazy_index
# name: index_value
# type: matrix
# rows: 2
# columns: 1
 14
 38




# name: <cell-element>
# type: lazy_index
# name: index_value
# type: matrix
# rows: 2
# columns: 1
 15
 34




# name: <cell-element>
# type: lazy_index
# name: index_value
# type: matrix
# rows: 2
# columns: 1
 16
 35




# name: <cell-element>
# type: lazy_index
# name: index_value
# type: matrix
# rows: 2
# columns: 1
 17
 36




# name: <cell-element>
# type: lazy_index
# name: index_value
# type: matrix
# rows: 2
# columns: 1
 18
 39







# name: linksOut
# type: cell
# rows: 19
# columns: 1
# name: <cell-element>
# type: lazy_index
# name: index_value
# type: matrix
# rows: 2
# columns: 1
 1
 40




# name: <cell-element>
# type: lazy_index
# name: index_value
# type: matrix
# rows: 2
# columns: 1
 2
 19




# name: <cell-element>
# type: lazy_index
# name: index_value
# type: matrix
# rows: 2
# columns: 1
 3
 20




# name: <cell-element>
# type: lazy_index
# name: index_value
# type: matrix
# rows: 2
# columns: 1
 4
 21




# name: <cell-element>
# type: lazy_index
# name: index_value
# type: matrix
# rows: 2
# columns: 1
 5
 22




# name: <cell-element>
# type: lazy_index
# name: index_value
# type: matrix
# rows: 2
# columns: 1
 6
 23




# name: <cell-element>
# type: lazy_index
# name: index_value
# type: matrix
# rows: 2
# columns: 1
 7
 24




# name: <cell-element>
# type: lazy_index
# name: index_value
# type: matrix
# rows: 2
# columns: 1
 8
 25




# name: <cell-element>
# type: lazy_index
# name: index_value
# type: matrix
# rows: 2
# columns: 1
 9
 26




# name: <cell-element>
# type: lazy_index
# name: index_value
# type: matrix
# rows: 2
# columns: 1
 10
 27




# name: <cell-element>
# type: lazy_index
# name: index_value
# type: matrix
# rows: 2
# columns: 1
 11
 28




# name: <cell-element>
# type: lazy_index
# name: index_value
# type: matrix
# rows: 3
# columns: 1
 12
 15
 29




# name: <cell-element>
# type: lazy_index
# name: index_value
# type: matrix
# rows: 2
# columns: 1
 13
 30




# name: <cell-element>
# type: lazy_index
